0 21 3 4 5 4 4 8 6 1 3
0 26 1 4 2 4 8 8 5 3 7
0 34 4 5 5 6 2 5 6 8 4 2 7
0 36 3 5 4 2 7 9 8 6 6 3 9
0 80 0 4 5 4 4 9 8 6 3
0 87 5 5 7 8 2 2 5 4 6 5 9
1 0 3 4 6 2 5 5 7 6 9
1 31 2 4 4 2 8 4 5 1 9
1 32 0 5 8 3 6 6 2 9 7 7 9
1 33 5 5 5 4 7 9 2 1 9 5 3
1 53 3 5 5 7 2 2 9 9 8 1 7
1 69 5 3 6 8 2 4 3
1 75 2 2 8 6 4
1 96 2 4 9 1 7 9 6 7 8
2 6 3 2 4 5 2
2 9 0 5 6 6 4 4 5 2 3 1 9
2 28 1 5 4 8 2 1 7 2 9 3 5
2 29 4 5 4 8 5 5 9 9 8 3 7
2 42 2 4 9 7 2 8 7 6 5
2 44 4 2 4 4 2
2 47 2 2 5 6 6
2 58 4 4 6 2 9 9 8 8 7
2 59 3 2 2 4 4
2 64 3 2 2 6 9
2 72 4 5 5 7 8 9 6 4 2 3 3
2 93 0 2 3 3 4
2 94 5 4 4 1 5 2 2 4 7
3 2 1 4 9 3 4 6 3 7 2
3 5 1 2 4 9 3
3 15 3 3 6 2 9 1 7
3 22 3 3 4 2 2 1 9
3 38 2 3 2 1 8 9 9
3 50 4 3 3 7 7 3 6
3 60 3 3 7 4 3 3 5
3 68 0 5 7 5 2 1 9 2 6 8 8
3 90 3 5 5 3 8 4 6 9 4 2 3
3 91 1 5 7 4 9 7 6 5 4 9 3
4 4 4 3 5 3 3 4 8
4 7 4 3 8 7 5 8 7
4 8 1 4 2 2 5 7 4 1 8
4 16 3 3 3 4 2 8 5
4 25 1 4 3 2 6 4 7 6 4
4 37 3 3 5 4 7 5 9
4 45 0 5 6 1 8 4 7 9 4 8 2
4 67 0 2 2 6 7
4 81 4 5 8 1 4 6 7 7 3 2 9
4 92 2 5 9 6 4 8 2 1 3 3 8
4 99 2 3 3 4 4 6 7
5 1 5 4 5 6 3 1 6 8 4
5 18 4 4 9 7 6 3 7 4 4
5 23 4 3 8 2 4 1 6
5 24 3 2 8 8 5
5 40 4 2 3 4 2
5 41 1 2 3 1 6
5 49 4 5 4 5 7 1 9 9 3 2 5
5 51 0 3 3 4 7 6 9
5 54 0 3 6 1 3 2 9
5 70 2 5 7 3 9 9 3 5 6 4 5
5 76 0 3 2 8 3 4 9
5 78 1 2 7 8 6
5 97 2 2 6 1 4
6 10 2 2 8 5 4
6 11 1 2 8 1 7
6 12 2 4 3 1 8 4 6 7 5
6 17 5 3 8 4 5 7 7
6 30 2 5 9 9 6 2 3 1 2 4 7
6 39 5 2 4 1 7
6 52 5 5 7 9 4 8 2 3 9 1 3
6 85 2 4 9 1 2 8 8 5 5
6 88 2 5 3 5 8 3 2 6 5 9 6
7 13 3 2 3 5 2
7 46 5 2 5 4 8
7 56 4 5 6 2 7 5 4 1 8 8 2
7 66 3 4 7 4 9 1 5 6 8
7 71 2 4 7 5 4 7 9 8 8
7 74 5 5 5 9 4 7 6 2 8 8 9
7 79 2 4 6 6 3 2 8 8 9
7 83 5 2 4 2 5
7 86 1 4 5 9 8 7 4 3 6
8 27 0 5 8 3 4 6 3 9 5 5 6
8 43 0 3 4 6 9 9 3
8 55 5 5 3 1 5 6 8 7 7 8 4
8 61 0 3 2 7 9 1 8
8 77 1 5 2 7 5 2 9 5 8 1 7
8 82 4 5 7 3 9 9 4 4 5 6 6
8 84 2 5 2 3 3 5 9 9 4 1 7
9 3 3 4 7 5 9 7 2 6 3
9 14 4 5 2 1 8 8 5 2 7 3 6
9 19 1 4 4 7 7 9 6 6 5
9 20 4 4 7 3 3 2 8 8 5
9 35 5 3 4 4 8 8 5
9 48 5 4 6 6 5 5 8 7 3
9 57 4 3 2 6 9 7 8
9 62 4 5 6 5 2 9 7 7 3 2 8
9 63 4 5 9 7 2 3 5 8 4 1 7
9 65 2 2 4 3 7
9 73 3 5 4 5 6 4 2 3 7 1 5
9 89 4 3 8 8 3 3 4
9 95 3 3 8 1 5 2 9
9 98 0 2 9 4 3
